ID,Description,ShortDescription
01,Enero,Ene
02,Febrero,Feb
03,Marzo,Mar
04,Abril,Abr
05,Mayo,May
06,Junio,Jun
07,Julio,Jul
08,Agosto,Ago
09,Septiembre,Sep
10,Octubre,Oct
11,Noviembre,Nov
12,Diciembre,Dic
